2010.113 -0.8407
2010.116 -0.8363
2010.127 -0.7984
2010.130 -0.7813
2010.133 -0.7629
2010.135 -0.7629
2010.144 -0.7700
2010.146 -0.8095
2010.149 -0.7799
2010.152 -0.7806
2010.155 -0.7679
2010.169 -0.7261
2010.172 -0.7201
2010.175 -0.7146
2010.178 -0.7036
2010.180 -0.6601
2010.189 -0.6549
2010.191 -0.6373
2010.194 -0.6132
2010.197 -0.6040
2010.200 -0.6018
2010.208 -0.6084
2010.211 -0.5899
2010.213 -0.5827
2010.216 -0.5727
2010.219 -0.5906
2010.227 -0.5639
2010.230 -0.5432
2010.232 -0.5576
2010.235 -0.5639
2010.238 -0.5586
2010.246 -0.5449
2010.249 -0.5346
2010.252 -0.5482
2010.253 -0.5501
2010.264 -0.5215
2010.266 -0.5140
2010.269 -0.5195
2010.272 -0.5160
2010.275 -0.4982
2010.283 -0.4943
2010.286 -0.4792
2010.288 -0.4447
2010.291 -0.4316
2010.294 -0.4678
2010.302 -0.4692
2010.305 -0.4546
2010.308 -0.4371
2010.310 -0.4225
2010.313 -0.4093
2010.321 -0.4167
2010.324 -0.4805
2010.327 -0.4780
2010.329 -0.4285
2010.332 -0.4891
2010.342 -0.4491
2010.344 -0.5415
2010.347 -0.5581
2010.350 -0.6613
2010.353 -0.7369
2010.361 -0.5978
2010.363 -0.5984
2010.366 -0.5461
2010.369 -0.5920
2010.372 -0.6557
2010.380 -0.6425
2010.383 -0.6812
2010.385 -0.7079
2010.388 -0.8146
2010.391 -0.8070
2010.399 -0.7987
2010.402 -0.8059
2010.405 -0.8372
2010.407 -0.7344
2010.410 -0.7487
2010.419 -0.7765
2010.422 -0.7087
2010.425 -0.6828
2010.428 -0.7868
2010.436 -0.8468
2010.439 -0.8523
2010.441 -0.8747
2010.444 -0.7947
2010.447 -0.7691
2010.455 -0.7686
2010.458 -0.6981
2010.461 -0.6779
2010.463 -0.6681
2010.466 -0.6651
2010.474 -0.6919
2010.477 -0.7160
2010.480 -0.7292
2010.482 -0.7789
2010.485 -0.7799
2010.493 -0.7888
2010.496 -0.9071
2010.499 -0.9576
2010.503 -0.9676
2010.505 -0.9730
2010.516 -0.9678
2010.519 -0.8776
2010.522 -0.8609
2010.525 -0.8331
2010.533 -0.8220
2010.536 -0.7882
2010.538 -0.7724
2010.541 -0.7691
2010.544 -0.8528
2010.552 -0.8306
2010.555 -0.7993
2010.558 -0.8352
2010.560 -0.7700
2010.563 -0.7440
2010.571 -0.7224
2010.574 -0.7227
2010.577 -0.7432
2010.579 -0.7674
2010.582 -0.7607
2010.589 -0.7082
2010.592 -0.7186
2010.594 -0.6900
2010.597 -0.6960
2010.600 -0.7006
2010.608 -0.6834
2010.611 -0.7048
2010.613 -0.7905
2010.616 -0.8194
2010.619 -0.8394
2010.627 -0.8340
2010.630 -0.7963
2010.633 -0.7877
2010.635 -0.8251
2010.638 -0.8284
2010.646 -0.8564
2010.649 -0.9158
2010.652 -0.8860
2010.655 -0.9194
2010.657 -0.8865
2010.666 -0.9195
2010.668 -0.9246
2010.669 -0.8441
2010.672 -0.8102
2010.675 -0.7607
2010.686 -0.7853
2010.689 -0.7505
2010.691 -0.7379
2010.694 -0.7271
2010.702 -0.6842
2010.705 -0.6714
2010.708 -0.6545
2010.711 -0.6406
2010.713 -0.6300
2010.721 -0.5793
2010.724 -0.5823
2010.727 -0.5872
2010.730 -0.5900
2010.732 -0.5351
2010.741 -0.5465
2010.743 -0.5440
2010.746 -0.5522
2010.749 -0.5658
2010.753 -0.5688
2010.761 -0.6042
2010.764 -0.5322
2010.766 -0.5583
2010.769 -0.5485
2010.772 -0.5283
2010.780 -0.5264
2010.783 -0.5058
2010.786 -0.4819
2010.788 -0.4874
2010.791 -0.4257
2010.799 -0.4257
2010.802 -0.4663
2010.805 -0.4460
2010.808 -0.4388
2010.810 -0.4195
2010.818 -0.4045
2010.821 -0.3984
2010.824 -0.3882
2010.827 -0.3824
2010.829 -0.3874
2010.836 -0.3851
2010.839 -0.3551
2010.842 -0.3409
2010.844 -0.3058
2010.847 -0.3048
2010.855 -0.3022
2010.858 -0.3186
2010.861 -0.3033
2010.863 -0.3203
2010.866 -0.3725
2010.874 -0.3833
2010.877 -0.4342
2010.880 -0.4248
2010.883 -0.3794
2010.885 -0.3770
2010.894 -0.3510
2010.896 -0.3994
2010.899 -0.3426
2010.905 -0.3490
2010.913 -0.3631
2010.916 -0.4017
2010.919 -0.3400
2010.922 -0.3101
2010.925 -0.3016
2010.933 -0.3035
2010.936 -0.3025
2010.939 -0.2889
2010.941 -0.2878
2010.944 -0.2671
2010.952 -0.2789
2010.955 -0.2747
2010.958 -0.2849
2010.961 -0.2642
2010.963 -0.2624
2010.971 -0.2585
2010.974 -0.2422
2010.977 -0.2412
2010.980 -0.2487
2010.991 -0.2483
2010.993 -0.2526
2010.996 -0.2467
2010.999 -0.2544
2011.002 -0.2636
2011.008 -0.2193
2011.011 -0.2209
2011.014 -0.1963
2011.016 -0.1874
2011.019 -0.1896
2011.027 -0.1785
2011.030 -0.1739
2011.033 -0.1539
2011.036 -0.1507
2011.038 -0.1292
2011.049 -0.1214
2011.052 -0.1553
2011.055 -0.1782
2011.058 -0.2013
2011.066 -0.1609
2011.068 -0.1572
2011.071 -0.1418
2011.074 -0.1228
2011.077 -0.2013
2011.085 -0.1866
2011.086 -0.1324
2011.089 -0.1369
2011.092 -0.1331
2011.094 -0.1153
2011.103 -0.1009
2011.105 -0.0798
2011.108 -0.0859
2011.111 -0.0810
2011.113 -0.0607
2011.122 -0.0544
2011.124 -0.0569
2011.127 -0.0387
2011.133 -0.0452
2011.144 -0.1373
2011.146 -0.1624
2011.149 -0.1482
2011.152 -0.1062
2011.160 -0.0992
2011.169 -0.1482
2011.172 -0.1342
2011.175 -0.0764
2011.178 -0.0913
2011.186 -0.1319
2011.189 -0.1216
2011.191 -0.1418
2011.194 -0.1887
2011.197 -0.1722
2011.205 -0.1820
2011.208 -0.2236
2011.211 -0.3000
2011.213 -0.2742
2011.216 -0.2797
2011.224 -0.2254
2011.227 -0.2282
2011.230 -0.2131
2011.232 -0.1602
2011.235 -0.1528
2011.243 -0.1700
2011.246 -0.1417
2011.249 -0.1270
2011.252 -0.1228
2011.253 -0.1214
2011.261 -0.1303
2011.264 -0.1418
2011.266 -0.1342
2011.269 -0.1344
2011.272 -0.1495
2011.280 -0.1586
2011.283 -0.1785
2011.286 -0.1550
2011.288 -0.1605
2011.291 -0.1670
2011.299 -0.1866
2011.302 -0.1687
2011.305 -0.1043
2011.308 -0.0792
2011.318 -0.0717
2011.321 -0.0547
2011.324 -0.0342
2011.327 -0.0358
2011.329 -0.0406
2011.339 -0.0459
2011.342 -0.0610
2011.344 -0.0670
2011.347 -0.0822
2011.350 -0.0735
2011.358 -0.0626
2011.361 -0.0373
2011.363 -0.0591
2011.366 -0.0417
2011.369 -0.0777
2011.377 -0.1310
2011.380 -0.1230
2011.383 -0.0989
2011.385 -0.0904
2011.388 -0.1127
2011.396 -0.1569
2011.399 -0.1760
2011.402 -0.1649
2011.405 -0.1463
2011.407 -0.1315
2011.418 -0.0846
2011.419 -0.1505
2011.422 -0.1448
2011.425 -0.1913
2011.433 -0.2157
2011.436 -0.2215
2011.439 -0.2433
2011.441 -0.2390
2011.444 -0.2861
2011.452 -0.2853
2011.455 -0.2487
2011.458 -0.3049
2011.461 -0.3190
2011.463 -0.3264
2011.471 -0.3133
2011.474 -0.2487
2011.477 -0.2715
2011.480 -0.2442
2011.482 -0.2984
2011.491 -0.2509
2011.493 -0.2070
2011.496 -0.1946
2011.499 -0.1572
2011.503 -0.1120
2011.514 -0.0977
2011.516 -0.0871
2011.519 -0.0473
2011.522 -0.0557
2011.530 -0.1109
2011.533 -0.1355
2011.536 -0.1223
2011.538 -0.1572
2011.541 -0.1183
2011.549 -0.1348
2011.552 -0.0668
2011.555 -0.0809
2011.558 -0.0608
2011.560 -0.0303
2011.568 -0.0361
2011.571 -0.0307
2011.574 -0.1096
2011.577 -0.1043
2011.579 -0.1140
2011.586 -0.1276
2011.589 -0.2065
2011.592 -0.1808
2011.594 -0.3273
2011.597 -0.3496
2011.605 -0.5427
2011.608 -0.4145
2011.611 -0.5397
2011.613 -0.4192
2011.616 -0.3941
2011.624 -0.3518
2011.627 -0.3778
2011.630 -0.3942
2011.633 -0.5506
2011.635 -0.6084
2011.644 -0.5995
2011.646 -0.4829
2011.649 -0.4597
2011.652 -0.5087
2011.655 -0.4391
2011.663 -0.3574
2011.666 -0.3372
2011.668 -0.3314
2011.669 -0.3601
2011.672 -0.4326
2011.683 -0.4328
2011.686 -0.3598
2011.689 -0.3738
2011.691 -0.4419
2011.700 -0.4051
2011.702 -0.3670
2011.705 -0.3248
2011.708 -0.2804
2011.711 -0.2545
2011.719 -0.2521
2011.721 -0.2663
2011.724 -0.3184
2011.727 -0.4208
2011.730 -0.3901
2011.738 -0.3568
2011.741 -0.3266
2011.743 -0.3748
2011.746 -0.4050
2011.749 -0.4858
2011.758 -0.5674
2011.761 -0.5083
2011.764 -0.4353
2011.766 -0.3851
2011.769 -0.4059
2011.777 -0.3082
2011.780 -0.2871
2011.783 -0.2712
2011.786 -0.2446
2011.788 -0.1910
2011.797 -0.2384
2011.799 -0.2027
2011.802 -0.2621
2011.805 -0.2750
2011.808 -0.2400
2011.816 -0.1794
2011.818 -0.2377
2011.821 -0.2417
2011.824 -0.1642
2011.827 -0.1609
2011.835 -0.2117
2011.836 -0.2924
2011.839 -0.2680
2011.842 -0.2087
2011.844 -0.2245
2011.853 -0.2025
2011.855 -0.1696
2011.858 -0.2789
2011.861 -0.2832
2011.863 -0.2285
2011.872 -0.2456
2011.874 -0.2139
2011.877 -0.2645
2011.880 -0.3358
2011.883 -0.3601
2011.891 -0.4199
2011.894 -0.4111
2011.896 -0.4800
2011.902 -0.5029
2011.910 -0.4047
2011.913 -0.4230
2011.916 -0.3186
2011.919 -0.2975
2011.922 -0.3071
2011.930 -0.2748
2011.933 -0.2825
2011.936 -0.2810
2011.939 -0.3332
2011.941 -0.2870
2011.950 -0.3203
2011.952 -0.3547
2011.955 -0.4023
2011.958 -0.4101
2011.961 -0.3978
2011.969 -0.4257
2011.971 -0.3407
2011.974 -0.3833
2011.977 -0.3592
2011.980 -0.3335
2011.991 -0.3259
2011.993 -0.3587
2011.996 -0.3393
2011.999 -0.3473
2012.008 -0.2921
2012.011 -0.2802
2012.014 -0.2559
2012.016 -0.2456
2012.025 -0.2540
2012.027 -0.2337
2012.030 -0.2266
2012.033 -0.2149
2012.036 -0.2261
2012.047 -0.1999
2012.049 -0.1610
2012.052 -0.1412
2012.055 -0.1456
2012.063 -0.1457
2012.066 -0.1513
2012.068 -0.1138
2012.071 -0.1244
2012.074 -0.1146
2012.082 -0.1131
2012.085 -0.1094
2012.086 -0.0852
2012.089 -0.0750
2012.092 -0.0360
2012.100 -0.0370
2012.103 -0.0327
2012.105 -0.0161
2012.108 0.0058
2012.111 -0.0159
2012.119 0.0107
2012.122 0.0194
2012.124 -0.0032
2012.127 0.0382
2012.130 0.0294
2012.141 0.0373
2012.144 0.0245
2012.146 0.0431
2012.149 0.0529
2012.157 0.0577
2012.160 0.0872
2012.163 0.0740
2012.169 0.0980
2012.172 0.0949
2012.180 0.0634
2012.183 0.0341
2012.186 0.0566
2012.189 0.0878
2012.191 0.0998
2012.200 0.1015
2012.202 0.1562
2012.205 0.1674
2012.208 0.1750
2012.211 0.1728
2012.219 0.1944
2012.221 0.1998
2012.224 0.1994
2012.227 0.1934
2012.230 0.1920
2012.238 0.2429
2012.241 0.2468
2012.243 0.2350
2012.246 0.2247
2012.249 0.2177
2012.255 0.2480
2012.258 0.2478
2012.261 0.2062
2012.264 0.2247
2012.275 0.1998
2012.277 0.1515
2012.280 0.1659
2012.283 0.1989
2012.286 0.1525
2012.294 0.1206
2012.297 0.1780
2012.299 0.1705
2012.302 0.1376
2012.305 0.1270
2012.313 0.1014
2012.316 0.0836
2012.318 0.1600
2012.321 0.1776
2012.324 0.1947
2012.332 0.1738
2012.336 0.1793
2012.339 0.1859
2012.342 0.1544
2012.344 0.0783
2012.353 0.0797
2012.355 0.0685
2012.358 0.0631
2012.361 0.0526
2012.363 0.0516
2012.372 0.0236
2012.374 0.0149
2012.377 -0.0070
2012.380 -0.0705
2012.383 -0.1116
2012.391 -0.0308
2012.394 -0.0344
2012.396 -0.0289
2012.399 -0.0470
2012.402 -0.0526
2012.413 -0.0161
2012.416 -0.0407
2012.418 -0.0551
2012.419 -0.1369
2012.428 -0.1157
2012.430 -0.1020
2012.433 -0.0351
2012.436 -0.0472
2012.439 -0.0182
2012.447 -0.0672
2012.450 -0.0361
2012.452 -0.0559
2012.455 -0.0448
2012.458 -0.0085
2012.466 0.0170
2012.469 0.0494
2012.471 0.0529
2012.474 -0.0249
2012.477 0.0056
2012.485 -0.0555
2012.488 -0.0364
2012.491 -0.0182
2012.493 -0.0549
2012.496 0.0384
2012.505 0.0463
2012.508 0.0698
2012.514 0.0734
2012.516 0.0331
2012.525 0.0299
2012.527 -0.0014
2012.530 -0.0153
2012.533 -0.0446
2012.536 -0.0020
2012.544 -0.0095
2012.547 0.0056
2012.549 0.0455
2012.552 0.0776
2012.555 0.0384
2012.563 0.0006
2012.566 -0.0225
2012.568 -0.0450
2012.571 -0.0066
2012.574 0.0664
2012.582 0.0603
2012.585 0.0609
2012.586 0.0510
2012.589 0.0406
2012.592 0.0959
2012.600 0.1181
2012.603 0.1425
2012.605 0.1410
2012.608 0.1494
2012.611 0.1534
2012.619 0.1596
2012.622 0.1609
2012.624 0.1680
2012.627 0.2033
2012.630 0.2169
2012.638 0.2207
2012.641 0.2091
2012.644 0.2199
2012.646 0.1974
2012.649 0.2150
2012.657 0.2199
2012.660 0.2196
2012.663 0.2201
2012.666 0.1890
2012.668 0.2101
2012.678 0.2060
2012.680 0.2013
2012.683 0.2653
2012.686 0.2611
2012.694 0.2235
2012.697 0.2191
2012.700 0.2279
2012.702 0.2670
2012.705 0.2922
2012.713 0.2942
2012.716 0.2959
2012.719 0.3026
2012.721 0.3003
2012.724 0.3003
2012.732 0.2816
2012.735 0.2407
2012.738 0.2141
2012.741 0.2556
2012.743 0.2313
2012.753 0.2270
2012.755 0.2334
2012.758 0.2522
2012.761 0.2637
2012.764 0.2464
2012.772 0.2195
2012.775 0.1667
2012.777 0.1545
2012.780 0.1455
2012.783 0.1454
2012.791 0.1652
2012.794 0.2078
2012.797 0.2047
2012.799 0.1699
2012.802 0.0949
2012.810 0.1106
2012.813 0.0805
2012.816 0.0705
2012.818 0.0705
2012.821 0.0808
2012.835 0.0613
2012.836 0.1028
2012.839 0.0656
2012.847 0.0898
2012.850 0.0959
2012.853 0.0215
2012.855 -0.0265
2012.858 -0.0156
2012.866 -0.0142
2012.869 -0.0361
2012.872 -0.0726
2012.874 -0.0816
2012.877 -0.0703
2012.885 -0.0008
2012.888 -0.0005
2012.891 0.0065
2012.896 0.0513
2012.905 0.0641
2012.907 0.0526
2012.910 0.0796
2012.913 0.0963
2012.916 0.0927
2012.925 0.0877
2012.928 0.0812
2012.930 0.0499
2012.933 0.0681
2012.936 0.0509
2012.944 0.0597
2012.947 0.0976
2012.950 0.0908
2012.952 0.0680
2012.955 0.0392
2012.963 0.0774
2012.966 0.1227
2012.969 0.1083
2012.971 0.1090
2012.974 0.0774
2012.982 0.0689
2012.988 0.0450
2012.991 0.0394
2012.993 0.0100
2013.002 0.0732
2013.005 0.1624
2013.008 0.1477
2013.011 0.1378
2013.019 0.1389
2013.022 0.1331
2013.025 0.1432
2013.027 0.1608
2013.030 0.1645
2013.038 0.1515
2013.041 0.1366
2013.044 0.1477
2013.047 0.1631
2013.049 0.1573
2013.060 0.1614
2013.063 0.1776
2013.066 0.1369
2013.068 0.1517
2013.077 0.1588
2013.079 0.1588
2013.082 0.1532
2013.085 0.1469
2013.086 0.1791
2013.094 0.1270
2013.097 0.1699
2013.100 0.1605
2013.103 0.1631
2013.105 0.1930
2013.113 0.1926
2013.116 0.1808
2013.119 0.1924
2013.122 0.1904
2013.124 0.1817
2013.135 0.2033
2013.138 0.1567
2013.141 0.1235
2013.144 0.1525
2013.152 0.1146
2013.155 0.1265
2013.157 0.1565
2013.160 0.1527
2013.169 0.1631
2013.178 0.1758
2013.180 0.2188
2013.183 0.2125
2013.186 0.2212
2013.189 0.2223
2013.197 0.2326
2013.200 0.2203
2013.202 0.2172
2013.205 0.2274
2013.208 0.2178
2013.216 0.2109
2013.219 0.2069
2013.221 0.2259
2013.224 0.1933
2013.227 0.2205
2013.235 0.2103
2013.238 0.2255
2013.241 0.2308
2013.243 0.2366
2013.253 0.2170
2013.255 0.2393
2013.258 0.2125
2013.261 0.2129
2013.264 0.1881
2013.272 0.2033
2013.275 0.2228
2013.277 0.2798
2013.280 0.2780
2013.283 0.2769
2013.291 0.2141
2013.294 0.2551
2013.297 0.1948
2013.299 0.1506
2013.302 0.1912
2013.310 0.2215
2013.313 0.2505
2013.316 0.2481
2013.318 0.2643
2013.321 0.2557
2013.329 0.2819
2013.332 0.3037
2013.336 0.2909
2013.339 0.3264
2013.342 0.3607
2013.350 0.3736
2013.353 0.3711
2013.355 0.3866
2013.358 0.3831
2013.361 0.3999
2013.369 0.4039
2013.372 0.4184
2013.374 0.4258
2013.377 0.4221
2013.380 0.4499
2013.388 0.4455
2013.391 0.4492
2013.394 0.4244
2013.396 0.4135
2013.399 0.4130
2013.410 0.4334
2013.413 0.4182
2013.416 0.4343
2013.418 0.4053
2013.425 0.4112
2013.428 0.3960
2013.430 0.3570
2013.433 0.3691
2013.436 0.4101
2013.444 0.4105
2013.447 0.3811
2013.450 0.3458
2013.452 0.3811
2013.455 0.3633
2013.463 0.3907
2013.466 0.4141
2013.469 0.3821
2013.471 0.3055
2013.474 0.2913
2013.482 0.2600
2013.485 0.2810
2013.488 0.3080
2013.491 0.3190
2013.493 0.3217
2013.503 0.3429
2013.505 0.3433
2013.508 0.3568
2013.514 0.3787
2013.522 0.3819
2013.525 0.4001
2013.527 0.4168
2013.530 0.4773
2013.533 0.4877
2013.541 0.4954
2013.544 0.4915
2013.547 0.4986
2013.549 0.4913
2013.552 0.4603
2013.560 0.4676
2013.563 0.4450
2013.566 0.4544
2013.568 0.4724
2013.571 0.4888
2013.579 0.4842
2013.582 0.4990
2013.585 0.5052
2013.586 0.5353
2013.589 0.5518
2013.597 0.5540
2013.600 0.5360
2013.603 0.5303
2013.605 0.5435
2013.608 0.5327
2013.616 0.5389
2013.619 0.5554
2013.622 0.5442
2013.624 0.4928
2013.627 0.4892
2013.635 0.4852
2013.638 0.4988
2013.641 0.4888
2013.644 0.5170
2013.646 0.5378
2013.655 0.5387
2013.657 0.4737
2013.660 0.4865
2013.663 0.5070
2013.666 0.4882
2013.675 0.5045
2013.678 0.5366
2013.680 0.5410
2013.683 0.5445
2013.691 0.5792
2013.694 0.5942
2013.697 0.5892
2013.700 0.5847
2013.702 0.5879
2013.711 0.5795
2013.713 0.5993
2013.716 0.6354
2013.719 0.6414
2013.721 0.6305
2013.730 0.6249
2013.732 0.6251
2013.735 0.6156
2013.738 0.6382
2013.741 0.6335
2013.749 0.6272
2013.753 0.6567
2013.755 0.6548
2013.758 0.6195
2013.761 0.6448
2013.769 0.6198
2013.772 0.5616
2013.775 0.5505
2013.777 0.6121
2013.780 0.6344
2013.788 0.6548
2013.791 0.6441
2013.794 0.6777
2013.797 0.6937
2013.799 0.7420
2013.808 0.7477
2013.810 0.7511
2013.813 0.7349
2013.816 0.7473
2013.818 0.7670
2013.827 0.7691
2013.829 0.7739
2013.832 0.7707
2013.835 0.7643
2013.836 0.7638
2013.844 0.7686
2013.847 0.7729
2013.850 0.7711
2013.853 0.7141
2013.855 0.7528
2013.863 0.7480
2013.866 0.7529
2013.869 0.7881
2013.872 0.7958
2013.874 0.8027
2013.883 0.7747
2013.885 0.7648
2013.888 0.7578
2013.891 0.7879
2013.894 0.8036
2013.902 0.8102
2013.905 0.8265
2013.907 0.8463
2013.913 0.8626
2013.922 0.8564
2013.925 0.8535
2013.928 0.8560
2013.930 0.8530
2013.933 0.8734
2013.941 0.8853
2013.944 0.8836
2013.947 0.8454
2013.950 0.8372
2013.952 0.8324
2013.961 0.8495
2013.963 0.8431
2013.966 0.8771
2013.969 0.8680
2013.971 0.8978
2013.980 0.9295
2013.982 0.9309
2013.988 0.9405
2013.991 0.9333
2013.999 0.9280
2014.002 0.9474
2014.005 0.9239
2014.008 0.9020
2014.016 0.8912
2014.019 0.9167
2014.022 0.9242
2014.025 0.9139
2014.027 0.9238
2014.036 0.8784
2014.038 0.9339
2014.041 0.9569
2014.044 0.9590
2014.047 0.9411
2014.058 0.9633
2014.060 0.9726
2014.063 0.9604
2014.066 0.8994
2014.074 0.8700
2014.077 0.8696
2014.079 0.8375
2014.082 0.8889
2014.085 0.8819
2014.092 0.8133
2014.094 0.8326
2014.097 0.8234
2014.100 0.8609
2014.103 0.9127
2014.111 0.9308
2014.113 0.9645
2014.116 0.9691
2014.119 0.9947
2014.122 0.9976
2014.133 1.0131
2014.135 0.9910
2014.138 1.0053
2014.141 1.0002
2014.149 1.0176
2014.152 1.0140
2014.155 1.0107
2014.157 1.0302
2014.160 1.0250
2014.175 1.0029
2014.178 1.0424
2014.180 1.0505
2014.183 1.0468
2014.186 1.0323
2014.194 1.0344
2014.197 1.0219
2014.200 1.0331
2014.202 0.9897
2014.205 0.9689
2014.213 0.9953
2014.216 1.0305
2014.219 1.0140
2014.221 1.0217
2014.224 0.9844
2014.232 0.9589
2014.235 0.9681
2014.238 0.9293
2014.241 0.9115
2014.243 0.9179
2014.252 0.9377
2014.253 0.9905
2014.255 0.9983
2014.258 0.9745
2014.261 0.8918
2014.269 0.8613
2014.272 0.8889
2014.275 0.9388
2014.277 0.8420
2014.280 0.8065
2014.288 0.8286
2014.291 0.8386
2014.294 0.8767
2014.297 0.8773
2014.308 0.8997
2014.310 0.9238
2014.313 0.8963
2014.316 0.9253
2014.318 0.8759
2014.327 0.8866
2014.329 0.9083
2014.332 0.9171
2014.336 0.9260
2014.339 0.9211
2014.347 0.9352
2014.350 0.8959
2014.353 0.8869
2014.355 0.8834
2014.358 0.8951
2014.366 0.9424
2014.369 0.9446
2014.372 0.9297
2014.374 0.9063
2014.377 0.9248
2014.385 0.9458
2014.388 0.9349
2014.391 0.9627
2014.394 0.9750
2014.396 0.9972
2014.407 1.0341
2014.410 1.0246
2014.413 1.0447
2014.416 1.0438
2014.422 1.0413
2014.425 1.0399
2014.428 1.0505
2014.430 1.0762
2014.433 1.0922
2014.441 1.0903
2014.444 1.0960
2014.447 1.0945
2014.450 1.0681
2014.452 1.0748
2014.461 1.0785
2014.463 1.0798
2014.466 1.0980
2014.469 1.0941
2014.471 1.0977
2014.480 1.0989
2014.482 1.0960
2014.485 1.1142
2014.488 1.1170
2014.491 1.1269
2014.499 1.1343
2014.503 1.1672
2014.505 1.1710
2014.508 1.1901
2014.519 1.1804
2014.522 1.1450
2014.525 1.1674
2014.527 1.1578
2014.530 1.1750
2014.538 1.1940
2014.541 1.1835
2014.544 1.1948
2014.547 1.1540
2014.549 1.2002
2014.558 1.1966
2014.560 1.2162
2014.563 1.2349
2014.566 1.2313
2014.568 1.2190
2014.577 1.2202
2014.579 1.2152
2014.582 1.2271
2014.585 1.1642
2014.586 1.1526
2014.594 1.1728
2014.597 1.1492
2014.600 1.1476
2014.603 1.1379
2014.605 1.1588
2014.613 1.1768
2014.616 1.1745
2014.619 1.2065
2014.622 1.2218
2014.624 1.2353
2014.633 1.2593
2014.635 1.2763
2014.638 1.2763
2014.641 1.2820
2014.644 1.2859
2014.652 1.2971
2014.655 1.3005
2014.657 1.3005
2014.660 1.2964
2014.663 1.3081
2014.672 1.3164
2014.675 1.2991
2014.678 1.2959
2014.680 1.3112
2014.689 1.3163
2014.691 1.2917
2014.694 1.3146
2014.697 1.3138
2014.700 1.2980
2014.708 1.2674
2014.711 1.2940
2014.713 1.2990
2014.716 1.3203
2014.719 1.3180
2014.727 1.2906
2014.730 1.2818
2014.732 1.3137
2014.735 1.2481
2014.738 1.2795
2014.746 1.2762
2014.749 1.2800
2014.753 1.2309
2014.755 1.2304
2014.758 1.2600
2014.766 1.2533
2014.769 1.2099
2014.772 1.2662
2014.775 1.2151
2014.777 1.1374
2014.786 1.0893
2014.788 1.0912
2014.791 1.0696
2014.794 1.0540
2014.797 1.0923
2014.805 1.1346
2014.808 1.2097
2014.810 1.1942
2014.813 1.2389
2014.816 1.2616
2014.824 1.2653
2014.827 1.3091
2014.829 1.2971
2014.832 1.3032
2014.835 1.3437
2014.842 1.3540
2014.844 1.3433
2014.847 1.3431
2014.850 1.3517
2014.853 1.3492
2014.861 1.3593
2014.863 1.3687
2014.866 1.3742
2014.869 1.3870
2014.872 1.3962
2014.880 1.3868
2014.883 1.4090
2014.885 1.3962
2014.888 1.4093
2014.891 1.4166
2014.899 1.4389
2014.902 1.4422
2014.905 1.4624
2014.910 1.4772
2014.919 1.4396
2014.922 1.4503
2014.925 1.4593
2014.928 1.4563
2014.930 1.4570
2014.939 1.4351
2014.941 1.4448
2014.944 1.3952
2014.947 1.4107
2014.950 1.3770
2014.958 1.3467
2014.961 1.2958
2014.963 1.3481
2014.966 1.4188
2014.969 1.4299
2014.977 1.4391
2014.980 1.4295
2014.982 1.4316
2014.988 1.4516
2014.996 1.4518
2014.999 1.4310
2015.002 1.3992
2015.005 1.3909
2015.014 1.3450
2015.016 1.3045
2015.019 1.3422
2015.022 1.3976
2015.025 1.3771
2015.033 1.3460
2015.036 1.3452
2015.038 1.3297
2015.041 1.2891
2015.044 1.3241
2015.055 1.3460
2015.058 1.3612
2015.060 1.4153
2015.063 1.4220
2015.071 1.4197
2015.074 1.3393
2015.077 1.3219
2015.079 1.3505
2015.082 1.3272
2015.089 1.3532
2015.092 1.3800
2015.094 1.3773
2015.097 1.4036
2015.100 1.3852
2015.108 1.3741
2015.111 1.4209
2015.113 1.4320
2015.116 1.4664
2015.119 1.4914
2015.130 1.4941
2015.133 1.4983
2015.135 1.5133
2015.138 1.5323
2015.146 1.5362
2015.149 1.5383
2015.152 1.5303
2015.155 1.5453
2015.157 1.5321
2015.172 1.5586
2015.175 1.5442
2015.178 1.5331
2015.180 1.5374
2015.183 1.5025
2015.191 1.5120
2015.194 1.4550
2015.197 1.4373
2015.200 1.4563
2015.202 1.4433
2015.211 1.4809
2015.213 1.4865
2015.216 1.5149
2015.219 1.5197
2015.221 1.5401
2015.230 1.5318
2015.232 1.5216
2015.235 1.4493
2015.238 1.4411
2015.241 1.4506
2015.249 1.4860
2015.252 1.4545
2015.253 1.4375
2015.255 1.4392
2015.266 1.4630
2015.269 1.4583
2015.272 1.4819
2015.275 1.5003
2015.277 1.5122
2015.286 1.5047
2015.288 1.4961
2015.291 1.5137
2015.294 1.5102
2015.297 1.4623
2015.305 1.5061
2015.308 1.5188
2015.310 1.5349
2015.313 1.5467
2015.316 1.5851
2015.324 1.5788
2015.327 1.5722
2015.329 1.5529
2015.332 1.5049
2015.336 1.5444
2015.344 1.5480
2015.347 1.4995
2015.350 1.4779
2015.353 1.4949
2015.355 1.5309
2015.363 1.5199
2015.366 1.5069
2015.369 1.5120
2015.372 1.5553
2015.374 1.5552
2015.383 1.5675
2015.385 1.5646
2015.388 1.5662
2015.391 1.5819
2015.394 1.5791
2015.405 1.5438
2015.407 1.5909
2015.410 1.5835
2015.413 1.5664
2015.419 1.5752
2015.422 1.5659
2015.425 1.5747
2015.428 1.5527
2015.430 1.5450
2015.439 1.5141
2015.441 1.5091
2015.444 1.5479
2015.447 1.5533
2015.450 1.5277
2015.458 1.5138
2015.461 1.5289
2015.463 1.5372
2015.466 1.5786
2015.469 1.5633
2015.477 1.5871
2015.480 1.5896
2015.482 1.5741
2015.485 1.5676
2015.488 1.5488
2015.496 1.4755
2015.499 1.4869
2015.503 1.5072
2015.505 1.5109
2015.516 1.5025
2015.519 1.5075
2015.522 1.4561
2015.525 1.4532
2015.527 1.4986
2015.536 1.5484
2015.538 1.5683
2015.541 1.5731
2015.544 1.6114
2015.547 1.6561
2015.555 1.6672
2015.558 1.6645
2015.560 1.6312
2015.563 1.6191
2015.566 1.5903
2015.574 1.5642
2015.577 1.5903
2015.579 1.6014
2015.582 1.6152
2015.585 1.6122
2015.592 1.6029
2015.594 1.5965
2015.597 1.6196
2015.600 1.5704
2015.603 1.5664
2015.611 1.5996
2015.613 1.5607
2015.616 1.5696
2015.619 1.5651
2015.622 1.5704
2015.630 1.5947
2015.633 1.5786
2015.635 1.5596
2015.638 1.4737
2015.641 1.3409
2015.649 1.2147
2015.652 1.2014
2015.655 1.3363
2015.657 1.4115
2015.660 1.4106
2015.668 1.3728
2015.669 1.2777
2015.672 1.3560
2015.675 1.3394
2015.678 1.3054
2015.689 1.3867
2015.691 1.3514
2015.694 1.3828
2015.697 1.3988
2015.705 1.3898
2015.708 1.4242
2015.711 1.4408
2015.713 1.4436
2015.716 1.4002
2015.724 1.4087
2015.727 1.3636
2015.730 1.3652
2015.732 1.3537
2015.735 1.3291
2015.743 1.2389
2015.746 1.2239
2015.749 1.2881
2015.753 1.3020
2015.755 1.3526
2015.764 1.3971
2015.766 1.3827
2015.769 1.3987
2015.772 1.4107
2015.775 1.4229
2015.783 1.4313
2015.786 1.4115
2015.788 1.4072
2015.791 1.4549
2015.794 1.4673
2015.802 1.4851
2015.805 1.4683
2015.808 1.4521
2015.810 1.5097
2015.813 1.5896
2015.821 1.5925
2015.824 1.5990
2015.827 1.6220
2015.829 1.6182
2015.832 1.6045
2015.839 1.6380
2015.842 1.6475
2015.844 1.6480
2015.847 1.6391
2015.850 1.6425
2015.858 1.6096
2015.861 1.6026
2015.863 1.5982
2015.866 1.5686
2015.869 1.5081
2015.877 1.5488
2015.880 1.5523
2015.883 1.6080
2015.885 1.6096
2015.888 1.6292
2015.896 1.6212
2015.899 1.6180
2015.902 1.6202
2015.907 1.6239
2015.916 1.6175
2015.919 1.6468
2015.922 1.6285
2015.925 1.5761
2015.928 1.6426
2015.936 1.6302
2015.939 1.6303
2015.941 1.5826
2015.944 1.5968
2015.947 1.5257
2015.955 1.5478
2015.958 1.5646
2015.961 1.6079
2015.963 1.5654
2015.966 1.5089
2015.974 1.5381
2015.977 1.5569
2015.980 1.5795
2015.982 1.5774
2015.993 1.5771
2015.996 1.6218
2015.999 1.5959
2016.002 1.5581
2016.011 1.4951
2016.014 1.4861
2016.016 1.4589
2016.019 1.3589
2016.022 1.3351
2016.030 1.3439
2016.033 1.3769
2016.036 1.2664
2016.038 1.3292
2016.041 1.2327
2016.052 1.2369
2016.055 1.2278
2016.058 1.2315
2016.060 1.3142
2016.068 1.2681
2016.071 1.2963
2016.074 1.2189
2016.077 1.2576
2016.079 1.3207
2016.086 1.3264
2016.089 1.2608
2016.092 1.2466
2016.094 1.2448
2016.097 1.1363
2016.105 1.0884
2016.108 1.0778
2016.111 1.0896
2016.113 1.0872
2016.116 1.1291
2016.127 1.1934
2016.130 1.2602
2016.133 1.2256
2016.135 1.2360
2016.144 1.2822
2016.146 1.2310
2016.149 1.2603
2016.152 1.2876
2016.155 1.2853
2016.163 1.2584
2016.169 1.3499
2016.172 1.3510
2016.175 1.3453
2016.178 1.3471
2016.186 1.3283
2016.189 1.3015
2016.191 1.3204
2016.194 1.3166
2016.197 1.3671
2016.205 1.3729
2016.208 1.3722
2016.211 1.3975
2016.213 1.3946
2016.216 1.4004
2016.224 1.4122
2016.227 1.4211
2016.230 1.3970
2016.232 1.3967
2016.243 1.3931
2016.246 1.4398
2016.249 1.4547
2016.252 1.4488
2016.253 1.4816
2016.261 1.4691
2016.264 1.4418
2016.266 1.4887
2016.269 1.4445
2016.272 1.4422
2016.280 1.4314
2016.283 1.4544
2016.286 1.4928
2016.288 1.4935
2016.291 1.4857
2016.299 1.5004
2016.302 1.4830
2016.305 1.4855
2016.308 1.4857
2016.310 1.4394
2016.318 1.4386
2016.321 1.4248
2016.324 1.4005
2016.327 1.3644
2016.329 1.3473
2016.339 1.3743
2016.342 1.3476
2016.344 1.3276
2016.347 1.3269
2016.350 1.3413
2016.358 1.3501
2016.361 1.3911
2016.363 1.3634
2016.366 1.3494
2016.369 1.3372
2016.377 1.3749
2016.380 1.3358
2016.383 1.3472
2016.385 1.3313
2016.388 1.3640
2016.396 1.3591
2016.399 1.4185
2016.402 1.4399
2016.405 1.4483
2016.407 1.4631
2016.418 1.4700
2016.419 1.4695
2016.422 1.4752
2016.425 1.4614
2016.433 1.4720
2016.436 1.4649
2016.439 1.4693
2016.441 1.4649
2016.444 1.4296
2016.452 1.4042
2016.455 1.4051
2016.458 1.3962
2016.461 1.4033
2016.463 1.3684
2016.471 1.3863
2016.474 1.3962
2016.477 1.3893
2016.480 1.4307
2016.482 1.3005
2016.491 1.2405
2016.493 1.3013
2016.496 1.3520
2016.499 1.3875
2016.503 1.4012
2016.514 1.3833
2016.516 1.4066
2016.519 1.4160
2016.522 1.4612
2016.530 1.4782
2016.533 1.4938
2016.536 1.4868
2016.538 1.5069
2016.541 1.5013
2016.549 1.5210
2016.552 1.5105
2016.555 1.5442
2016.558 1.5382
2016.560 1.5497
2016.568 1.5506
2016.571 1.5540
2016.574 1.5734
2016.577 1.5841
2016.579 1.5907
2016.586 1.6062
2016.589 1.5835
2016.592 1.5929
2016.594 1.6018
2016.597 1.6303
2016.605 1.6271
2016.608 1.6337
2016.611 1.6260
2016.613 1.6388
2016.616 1.6407
2016.624 1.6533
2016.627 1.6373
2016.630 1.6415
2016.633 1.6427
2016.635 1.6416
2016.644 1.6426
2016.646 1.6485
2016.649 1.6290
2016.652 1.6231
2016.655 1.6290
2016.663 1.6319
2016.666 1.6227
2016.668 1.6188
2016.669 1.6246
2016.672 1.6363
2016.683 1.6546
2016.686 1.6565
2016.689 1.6392
2016.691 1.5602
2016.700 1.6103
2016.702 1.5864
2016.705 1.5992
2016.708 1.6446
2016.711 1.6435
2016.719 1.6302
2016.721 1.6358
2016.724 1.6649
2016.727 1.6875
2016.730 1.6694
2016.738 1.6435
2016.741 1.6722
2016.743 1.6780
2016.746 1.6562
2016.749 1.6765
2016.758 1.6743
2016.761 1.6686
2016.764 1.6792
2016.766 1.6775
2016.769 1.6709
2016.777 1.6886
2016.780 1.6464
2016.783 1.6444
2016.786 1.6329
2016.788 1.6354
2016.797 1.6279
2016.799 1.6533
2016.802 1.6536
2016.805 1.6494
2016.808 1.6607
2016.816 1.6960
2016.818 1.6858
2016.821 1.6666
2016.824 1.6525
2016.827 1.6351
2016.835 1.6293
2016.836 1.6086
2016.839 1.5822
2016.842 1.5529
2016.844 1.5415
2016.853 1.6108
2016.855 1.6308
2016.858 1.6441
2016.861 1.5953
2016.863 1.5945
2016.872 1.5601
2016.874 1.6054
2016.877 1.6216
2016.880 1.6445
2016.883 1.6332
2016.891 1.6628
2016.894 1.6731
2016.896 1.6597
2016.902 1.6694
2016.910 1.6637
2016.913 1.6732
2016.916 1.6404
2016.919 1.5837
2016.922 1.5878
2016.930 1.6106
2016.933 1.6178
2016.936 1.6543
2016.939 1.6604
2016.941 1.6835
2016.950 1.6696
2016.952 1.7078
2016.955 1.7006
2016.958 1.7066
2016.961 1.6951
2016.969 1.7065
2016.971 1.7185
2016.974 1.7151
2016.977 1.7069
2016.980 1.7094
2016.991 1.7238
2016.993 1.7004
2016.996 1.6955
2016.999 1.6659
2017.008 1.6897
2017.011 1.7067
2017.014 1.7243
2017.016 1.7494
2017.025 1.7594
2017.027 1.7652
2017.030 1.7728
2017.033 1.7677
2017.036 1.7792
2017.047 1.7697
2017.049 1.7765
2017.052 1.7738
2017.055 1.7803
2017.063 1.7826
2017.066 1.8027
2017.068 1.8319
2017.071 1.8360
2017.074 1.8408
2017.082 1.8178
2017.085 1.8122
2017.086 1.8311
2017.089 1.8286
2017.092 1.8372
2017.100 1.8409
2017.103 1.8511
2017.105 1.8568
2017.108 1.8671
2017.111 1.8770
2017.119 1.8944
2017.122 1.9037
2017.124 1.9209
2017.127 1.9199
2017.130 1.9324
2017.141 1.9482
2017.144 1.9483
2017.146 1.9374
2017.149 1.9425
2017.157 1.9458
2017.160 1.9379
2017.169 1.9698
2017.172 1.9541
2017.175 1.9590
2017.183 1.9520
2017.186 1.9471
2017.189 1.9522
2017.191 1.9553
2017.194 1.9661
2017.202 1.9720
2017.205 1.9645
2017.208 1.9818
2017.211 1.9813
2017.213 1.9789
2017.221 1.9818
2017.224 1.9362
2017.227 1.9557
2017.230 1.9477
2017.232 1.9532
2017.241 1.9584
2017.243 1.9770
2017.246 1.9902
2017.249 1.9952
2017.252 1.9928
2017.258 1.9906
2017.261 1.9952
2017.264 1.9838
2017.266 1.9845
2017.269 1.9833
2017.277 1.9845
2017.280 1.9719
2017.283 1.9585
2017.286 1.9466
2017.297 1.9700
2017.299 1.9672
2017.302 1.9707
2017.305 1.9946
2017.308 1.9942
2017.316 2.0299
2017.318 2.0518
2017.321 2.0473
2017.324 2.0647
2017.327 2.0704
2017.336 2.0953
2017.339 2.1012
2017.342 2.0913
2017.344 2.0923
2017.347 2.1032
2017.355 2.1091
2017.358 2.1200
2017.361 2.1217
2017.363 2.1193
2017.366 2.1257
2017.374 2.1350
2017.377 2.1475
2017.380 2.0689
2017.383 2.0938
2017.385 2.1058
2017.394 2.1314
2017.396 2.1339
2017.399 2.1476
2017.402 2.1736
2017.405 2.1778
2017.416 2.1799
2017.418 2.1787
2017.419 2.1905
2017.422 2.2241
2017.430 2.2233
2017.433 2.2119
2017.436 2.2228
2017.439 2.2255
2017.441 2.1504
2017.450 2.1322
2017.452 2.1552
2017.455 2.1418
2017.458 2.1282
2017.461 2.1161
2017.469 2.1634
2017.471 2.1405
2017.474 2.1692
2017.477 2.1680
2017.480 2.1792
2017.488 2.1658
2017.491 2.1092
2017.493 2.1504
2017.496 2.0980
2017.499 2.0946
2017.508 2.0664
2017.514 2.0951
2017.516 2.0683
2017.519 2.0978
2017.527 2.1185
2017.530 2.1267
2017.533 2.1617
2017.536 2.1683
2017.538 2.1915
2017.547 2.1920
2017.549 2.2117
2017.552 2.2299
2017.555 2.2337
2017.558 2.2321
2017.566 2.2451
2017.568 2.2384
2017.571 2.2473
2017.574 2.2293
2017.577 2.2257
2017.585 2.2126
2017.586 2.2194
2017.589 2.2267
2017.592 2.2163
2017.594 2.2203
2017.603 2.2377
2017.605 2.2340
2017.608 2.2301
2017.611 2.1630
2017.613 2.1855
2017.622 2.2237
2017.624 2.2255
2017.627 2.2307
2017.630 2.1672
2017.633 2.1637
2017.641 2.1616
2017.644 2.2054
2017.646 2.1942
2017.649 2.1858
2017.652 2.1791
2017.660 2.1877
2017.663 2.2000
2017.666 2.2341
2017.668 2.2621
2017.669 2.2613
2017.680 2.2343
2017.683 2.2428
2017.686 2.2490
2017.689 2.2240
2017.697 2.2554
2017.700 2.2638
2017.702 2.2680
2017.705 2.2510
2017.708 2.2589
2017.716 2.2565
2017.719 2.2607
2017.721 2.2524
2017.724 2.2330
2017.727 2.2305
2017.735 2.1986
2017.738 2.2054
2017.741 2.2322
2017.743 2.2305
2017.746 2.2515
2017.755 2.2542
2017.758 2.2605
2017.761 2.2631
2017.764 2.2915
2017.766 2.2952
2017.775 2.2926
2017.777 2.2948
2017.780 2.3034
2017.783 2.2980
2017.786 2.3092
2017.794 2.3194
2017.797 2.3229
2017.799 2.3190
2017.802 2.3080
2017.805 2.3152
2017.813 2.2964
2017.816 2.3015
2017.818 2.2893
2017.821 2.2799
2017.824 2.3626
2017.832 2.3697
2017.835 2.3803
2017.836 2.3789
2017.839 2.3738
2017.842 2.4013
2017.850 2.4113
2017.853 2.4131
2017.855 2.4255
2017.858 2.4087
2017.861 2.4090
2017.869 2.4120
2017.872 2.4019
2017.874 2.3867
2017.877 2.4239
2017.880 2.4126
2017.888 2.4102
2017.891 2.4412
2017.894 2.4451
2017.899 2.4563
2017.907 2.4547
2017.910 2.4621
2017.913 2.4096
2017.916 2.4338
2017.919 2.4204
2017.928 2.3853
2017.930 2.3867
2017.933 2.3998
2017.936 2.4096
2017.939 2.4228
2017.947 2.4455
2017.950 2.4417
2017.952 2.4469
2017.955 2.4453
2017.958 2.4772
2017.966 2.5027
2017.969 2.4851
2017.971 2.4821
2017.974 2.4816
2017.977 2.4782
2017.988 2.4619
2017.991 2.4619
2017.993 2.4646
2017.996 2.4456
2018.005 2.4956
2018.008 2.5244
2018.011 2.5303
2018.014 2.5600
2018.022 2.5711
2018.025 2.5718
2018.027 2.5647
2018.030 2.5845
2018.033 2.6055
2018.044 2.5978
2018.047 2.6288
2018.049 2.6297
2018.052 2.6393
2018.060 2.6701
2018.063 2.6951
2018.066 2.6746
2018.068 2.6733
2018.071 2.7170
2018.079 2.7037
2018.082 2.6778
2018.085 2.6900
2018.086 2.6647
2018.089 2.6017
2018.097 2.4791
2018.100 2.5533
2018.103 2.5132
2018.105 2.3807
2018.108 2.4267
2018.116 2.4798
2018.119 2.4932
2018.122 2.5501
2018.124 2.6011
2018.127 2.5899
2018.138 2.5948
2018.141 2.5858
2018.144 2.5860
2018.146 2.6438
2018.155 2.6832
2018.157 2.6467
2018.160 2.6264
2018.169 2.5771
2018.172 2.6042
2018.180 2.6351
2018.183 2.6477
2018.186 2.6551
2018.189 2.6699
2018.191 2.7265
2018.200 2.7414
2018.202 2.7044
2018.205 2.7010
2018.208 2.6965
2018.211 2.6899
2018.219 2.6250
2018.221 2.6324
2018.224 2.6178
2018.227 2.5419
2018.230 2.4577
2018.238 2.5643
2018.241 2.4635
2018.243 2.4284
2018.246 2.4823
2018.255 2.3893
2018.258 2.4223
2018.261 2.4685
2018.264 2.4842
2018.266 2.4066
2018.275 2.4264
2018.277 2.4904
2018.280 2.4733
2018.283 2.5078
2018.286 2.4929
2018.294 2.5147
2018.297 2.5767
2018.299 2.5837
2018.302 2.5561
2018.305 2.5070
2018.313 2.4991
2018.316 2.4332
2018.318 2.4371
2018.321 2.4973
2018.324 2.4996
2018.332 2.4780
2018.336 2.5101
2018.339 2.4925
2018.342 2.4925
2018.344 2.5473
2018.353 2.5708
2018.355 2.5675
2018.358 2.6005
2018.361 2.6311
2018.363 2.6281
2018.372 2.6325
2018.374 2.5996
2018.377 2.6179
2018.380 2.6065
2018.383 2.5904
2018.391 2.6077
2018.394 2.6025
2018.396 2.6273
2018.399 2.6264
2018.402 2.6290
2018.413 2.6161
2018.416 2.6372
2018.418 2.6350
2018.419 2.6805
2018.428 2.7058
2018.430 2.7162
2018.433 2.7325
2018.436 2.7090
2018.439 2.7084
2018.447 2.7162
2018.450 2.7318
2018.452 2.7307
2018.455 2.7607
2018.458 2.7507
2018.466 2.7484
2018.469 2.7394
2018.471 2.7602
2018.474 2.7340
2018.477 2.7239
2018.485 2.6579
2018.488 2.6689
2018.491 2.6279
2018.493 2.6521
2018.496 2.6567
2018.505 2.6788
2018.508 2.6438
2018.514 2.6799
2018.516 2.7239
2018.525 2.7513
2018.527 2.7537
2018.530 2.7390
2018.533 2.7871
2018.536 2.7901
2018.544 2.7833
2018.547 2.8017
2018.549 2.7953
2018.552 2.7804
2018.555 2.7789
2018.563 2.7876
2018.566 2.8003
2018.568 2.8412
2018.571 2.7965
2018.574 2.7539
2018.582 2.7098
2018.585 2.7296
2018.586 2.7432
2018.589 2.7822
2018.592 2.7911
2018.600 2.8093
2018.603 2.8191
2018.605 2.8217
2018.608 2.8208
2018.611 2.7972
2018.619 2.7944
2018.622 2.8127
2018.624 2.7756
2018.627 2.7847
2018.630 2.7845
2018.638 2.7825
2018.641 2.7928
2018.644 2.8044
2018.646 2.7994
2018.649 2.8268
2018.657 2.8565
2018.660 2.8609
2018.663 2.8952
2018.666 2.8896
2018.668 2.8925
2018.678 2.8805
2018.680 2.8400
2018.683 2.8124
2018.686 2.8024
2018.694 2.8111
2018.697 2.8331
2018.700 2.8244
2018.702 2.8536
2018.705 2.8460
2018.713 2.8029
2018.716 2.8263
2018.719 2.8241
2018.721 2.8550
2018.724 2.8390
2018.732 2.8475
2018.735 2.8516
2018.738 2.8506
2018.741 2.8778
2018.743 2.8763
2018.753 2.8821
2018.755 2.8763
2018.758 2.8793
2018.761 2.8205
2018.764 2.7822
2018.772 2.7641
2018.775 2.7718
2018.777 2.6329
2018.780 2.5915
2018.783 2.6726
2018.791 2.6342
2018.794 2.7168
2018.797 2.7201
2018.799 2.6482
2018.802 2.6442
2018.810 2.6591
2018.813 2.6480
2018.816 2.5019
2018.818 2.5996
2018.821 2.5187
2018.829 2.4638
2018.832 2.5017
2018.835 2.5669
2018.836 2.6097
2018.839 2.5639
2018.847 2.5540
2018.850 2.5750
2018.853 2.6629
2018.855 2.6457
2018.858 2.5936
2018.866 2.5017
2018.869 2.5013
2018.872 2.4755
2018.874 2.5276
2018.877 2.5167
2018.885 2.4159
2018.888 2.3588
2018.891 2.3810
2018.896 2.3586
2018.905 2.4250
2018.907 2.4354
2018.910 2.5259
2018.913 2.5167
2018.916 2.5374
2018.925 2.5875
2018.928 2.4710
2018.933 2.4854
2018.936 2.3824
2018.944 2.4132
2018.947 2.4239
2018.950 2.4488
2018.952 2.4490
2018.955 2.3706
2018.963 2.3038
2018.966 2.3204
2018.969 2.2453
2018.971 2.2043
2018.974 2.1027
2018.982 2.0258
2018.988 2.1926
2018.991 2.2067
2018.993 2.2026
2019.002 2.2250
2019.005 2.2392
2019.008 2.1373
2019.011 2.2577
2019.019 2.2891
2019.022 2.3175
2019.025 2.3408
2019.027 2.3504
2019.030 2.3384
2019.038 2.3121
2019.041 2.3660
2019.044 2.3674
2019.047 2.3906
2019.049 2.4177
2019.060 2.3609
2019.063 2.3618
2019.066 2.3794
2019.068 2.4143
2019.077 2.3768
2019.079 2.3480
2019.082 2.4204
2019.085 2.4633
2019.086 2.4505
2019.094 2.4865
2019.097 2.5125
2019.100 2.5046
2019.103 2.4629
2019.105 2.4680
2019.113 2.4657
2019.116 2.5081
2019.119 2.5101
2019.122 2.5137
2019.124 2.5256
2019.135 2.5316
2019.138 2.5308
2019.141 2.5194
2019.144 2.5409
2019.152 2.5519
2019.155 2.5550
2019.157 2.5519
2019.160 2.5456
2019.169 2.5654
2019.178 2.5656
2019.180 2.5681
2019.183 2.5507
2019.186 2.5136
2019.189 2.5079
2019.197 2.5685
2019.200 2.5846
2019.202 2.6061
2019.205 2.6017
2019.208 2.6261
2019.216 2.6351
2019.219 2.6451
2019.221 2.6566
2019.224 2.7018
2019.227 2.6342
2019.235 2.6279
2019.238 2.6416
2019.241 2.6218
2019.243 2.6281
2019.246 2.6504
2019.253 2.6890
2019.255 2.7000
2019.258 2.7171
2019.261 2.7157
2019.264 2.7306
2019.272 2.7384
2019.275 2.7273
2019.277 2.7434
2019.280 2.7358
2019.283 2.7480
2019.291 2.7488
2019.294 2.7586
2019.297 2.7685
2019.299 2.7716
2019.310 2.7800
2019.313 2.8173
2019.316 2.8075
2019.318 2.8185
2019.321 2.8222
2019.329 2.8276
2019.332 2.8044
2019.336 2.7928
2019.339 2.7805
2019.342 2.8265
2019.350 2.8084
2019.353 2.7486
2019.355 2.7397
2019.358 2.7237
2019.361 2.7265
2019.369 2.6174
2019.372 2.6483
2019.374 2.6890
2019.377 2.7198
2019.380 2.6882
2019.388 2.6368
2019.391 2.6664
2019.394 2.6532
2019.396 2.6049
2019.399 2.6034
2019.410 2.5926
2019.413 2.5673
2019.416 2.5792
2019.418 2.5297
2019.425 2.4637
2019.428 2.5416
2019.430 2.5634
2019.433 2.5863
2019.436 2.6418
2019.444 2.6776
2019.447 2.6814
2019.450 2.6643
2019.452 2.6805
2019.455 2.6674
2019.463 2.6855
2019.466 2.7279
2019.469 2.7395
2019.471 2.7666
2019.474 2.7620
2019.482 2.7617
2019.485 2.7092
2019.488 2.7218
2019.491 2.7325
2019.493 2.7368
2019.503 2.7758
2019.505 2.7879
2019.508 2.8098
2019.514 2.8033
2019.522 2.7820
2019.525 2.7969
2019.527 2.8261
2019.530 2.8234
2019.533 2.8400
2019.541 2.8485
2019.544 2.8342
2019.547 2.8192
2019.549 2.8235
2019.552 2.7990
2019.560 2.8223
2019.563 2.8415
2019.566 2.8625
2019.568 2.8336
2019.571 2.8628
2019.579 2.8535
2019.582 2.8400
2019.585 2.7969
2019.586 2.7828
2019.589 2.7359
2019.597 2.6250
2019.600 2.6653
2019.603 2.6798
2019.605 2.7439
2019.608 2.7138
2019.616 2.6798
2019.619 2.7434
2019.622 2.6496
2019.624 2.6453
2019.627 2.6904
2019.635 2.7361
2019.638 2.7154
2019.641 2.7405
2019.644 2.7308
2019.646 2.6348
2019.655 2.6745
2019.657 2.6685
2019.660 2.6784
2019.663 2.7229
2019.666 2.7158
2019.675 2.6863
2019.678 2.7275
2019.680 2.7812
2019.683 2.7784
2019.691 2.7721
2019.694 2.7638
2019.697 2.7904
2019.700 2.8027
2019.702 2.7920
2019.711 2.7781
2019.713 2.7913
2019.716 2.7907
2019.719 2.7951
2019.721 2.7632
2019.730 2.7641
2019.732 2.7237
2019.735 2.7552
2019.738 2.7452
2019.741 2.7082
2019.749 2.7345
2019.753 2.7100
2019.755 2.6575
2019.758 2.6899
2019.761 2.7311
2019.769 2.7218
2019.772 2.6752
2019.775 2.7050
2019.777 2.7267
2019.780 2.7634
2019.788 2.7646
2019.791 2.8018
2019.794 2.7944
2019.797 2.8012
2019.799 2.7721
2019.808 2.7981
2019.810 2.7748
2019.813 2.7794
2019.816 2.8077
2019.818 2.8302
2019.827 2.8603
2019.829 2.8370
2019.832 2.8509
2019.835 2.8516
2019.836 2.8784
2019.844 2.8961
2019.847 2.8973
2019.850 2.8910
2019.853 2.9011
2019.855 2.9128
2019.863 2.9086
2019.866 2.9167
2019.869 2.9153
2019.872 2.9150
2019.874 2.9336
2019.883 2.9388
2019.885 2.9429
2019.888 2.9252
2019.891 2.9174
2019.894 2.9201
2019.902 2.9542
2019.905 2.9602
2019.907 2.9803
2019.913 2.9667
2019.922 2.9341
2019.925 2.9113
2019.928 2.9261
2019.930 2.9312
2019.933 2.9617
2019.941 2.9493
2019.944 2.9471
2019.947 2.9621
2019.950 2.9847
2019.952 2.9936
2019.961 3.0219
2019.963 3.0233
2019.966 3.0255
2019.969 3.0457
2019.971 3.0575
2019.980 3.0649
2019.982 3.0662
2019.988 3.0919
2019.991 3.0889
2019.999 3.0688
2020.002 3.0745
2020.005 3.1228
2020.008 3.0952
2020.016 3.1140
2020.019 3.1128
2020.022 3.1356
2020.025 3.1605
2020.027 3.1523
2020.036 3.1867
2020.038 3.1749
2020.041 3.1756
2020.044 3.2031
2020.047 3.2179
2020.058 3.2174
2020.060 3.2241
2020.063 3.2334
2020.066 3.2071
2020.074 3.1433
2020.077 3.1887
2020.079 3.1923
2020.082 3.2036
2020.085 3.1532
2020.092 3.1981
2020.094 3.2642
2020.097 3.2756
2020.100 3.2997
2020.103 3.2867
2020.111 3.3222
2020.113 3.3229
2020.116 3.3517
2020.119 3.3479
2020.122 3.3546
2020.133 3.3564
2020.135 3.3849
2020.138 3.3560
2020.141 3.2971
2020.149 3.1747
2020.152 3.0904
2020.155 3.1040
2020.157 2.9421
2020.160 2.9575
2020.172 3.0855
2020.175 2.9866
2020.178 3.1011
2020.180 3.0092
2020.183 2.9554
2020.191 2.7284
2020.194 2.8730
2020.197 2.7353
2020.200 2.4150
2020.202 2.6539
2020.211 2.2314
2020.213 2.3823
2020.216 2.2852
2020.219 2.3081
2020.221 2.1835
2020.230 2.1866
2020.232 2.3878
2020.235 2.3644
2020.238 2.5153
2020.241 2.4056
2020.249 2.5055
2020.252 2.4774
2020.253 2.3449
2020.255 2.4024
2020.258 2.3613
2020.266 2.5514
2020.269 2.5494
2020.272 2.6114
2020.275 2.6151
2020.286 2.6491
2020.288 2.7712
2020.291 2.7375
2020.294 2.7896
2020.297 2.8143
2020.305 2.7814
2020.308 2.6643
2020.310 2.7491
2020.313 2.7425
2020.316 2.7896
2020.324 2.8089
2020.327 2.7533
2020.329 2.8523
2020.332 2.8589
2020.336 2.7649
2020.344 2.7996
2020.347 2.8310
2020.350 2.8506
2020.353 2.8888
2020.355 2.9284
2020.363 2.9529
2020.366 2.8916
2020.369 2.8530
2020.372 2.8856
2020.374 2.9026
2020.383 2.9590
2020.385 2.9513
2020.388 3.0082
2020.391 2.9770
2020.394 2.9859
2020.405 2.9817
2020.407 2.9957
2020.410 2.9893
2020.413 3.0297
2020.419 3.0420
2020.422 3.0618
2020.425 3.0752
2020.428 3.0547
2020.430 3.1123
2020.439 3.1343
2020.441 3.1564
2020.444 3.1918
2020.447 3.0325
2020.450 3.0540
2020.458 3.0887
2020.461 3.1402
2020.463 3.1498
2020.466 3.1575
2020.469 3.1561
2020.477 3.1911
2020.480 3.2169
2020.482 3.1561
2020.485 3.1823
2020.488 3.1077
2020.496 3.1392
2020.499 3.1951
2020.503 3.2302
2020.505 3.2512
2020.516 3.3222
2020.519 3.3023
2020.522 3.3400
2020.525 3.3647
2020.527 3.3857
2020.536 3.3219
2020.538 3.3429
2020.541 3.3478
2020.544 3.3261
2020.547 3.3308
2020.555 3.4125
2020.558 3.3800
2020.560 3.3915
2020.563 3.3099
2020.566 3.2799
2020.574 3.3322
2020.577 3.2939
2020.579 3.3274
2020.582 3.3435
2020.585 3.3960
2020.592 3.4326
2020.594 3.4455
2020.597 3.4535
2020.600 3.4910
2020.603 3.4578
2020.611 3.4443
2020.613 3.3858
2020.616 3.4580
2020.619 3.4650
2020.622 3.4620
2020.630 3.4945
2020.633 3.5235
2020.635 3.5038
2020.638 3.5441
2020.641 3.5647
2020.649 3.5831
2020.652 3.6062
2020.655 3.6682
2020.657 3.6591
2020.660 3.6745
2020.668 3.6973
2020.669 3.7480
2020.672 3.7758
2020.675 3.6091
2020.678 3.5670
2020.689 3.4146
2020.691 3.4971
2020.694 3.4375
2020.697 3.4154
2020.705 3.4656
2020.708 3.5072
2020.711 3.4580
2020.713 3.4108
2020.716 3.3714
2020.724 3.3832
2020.727 3.4364
2020.730 3.3393
2020.732 3.3538
2020.735 3.4215
2020.743 3.4791
2020.746 3.4685
2020.749 3.4881
2020.753 3.5339
2020.755 3.4478
2020.764 3.5090
2020.766 3.4538
2020.769 3.5050
2020.772 3.5196
2020.775 3.5632
2020.783 3.6523
2020.786 3.6525
2020.788 3.6275
2020.791 3.6066
2020.794 3.5911
2020.802 3.5401
2020.805 3.5466
2020.808 3.5440
2020.810 3.5445
2020.813 3.5503
2020.821 3.5037
2020.824 3.5270
2020.827 3.4022
2020.829 3.4518
2020.832 3.3797
2020.839 3.3800
2020.842 3.4291
2020.844 3.5559
2020.847 3.6302
2020.850 3.6336
2020.858 3.5707
2020.861 3.5152
2020.863 3.5802
2020.866 3.5655
2020.869 3.5914
2020.877 3.6142
2020.880 3.6049
2020.883 3.5814
2020.885 3.6059
2020.888 3.5854
2020.896 3.5856
2020.899 3.6257
2020.902 3.6444
2020.907 3.6713
2020.916 3.6764
2020.919 3.7150
2020.922 3.7190
2020.925 3.7230
2020.928 3.7352
2020.936 3.7520
2020.939 3.7612
2020.941 3.6918
2020.944 3.7040
2020.947 3.6970
2020.955 3.7181
2020.958 3.7487
2020.961 3.7653
2020.963 3.7856
2020.966 3.7746
2020.974 3.7709
2020.977 3.7788
2020.980 3.7636
2020.982 3.7765
2020.993 3.8060
2020.996 3.8090
2020.999 3.8088
2021.002 3.8166
2021.011 3.7719
2021.014 3.7967
2021.016 3.7544
2021.019 3.8242
2021.022 3.8622
2021.030 3.8170
2021.033 3.8126
2021.036 3.8319
2021.038 3.8166
2021.041 3.7919
2021.052 3.8344
2021.055 3.9018
2021.058 3.9263
2021.060 3.9172
2021.068 3.9446
2021.071 3.9457
2021.074 3.8616
2021.077 3.8762
2021.079 3.8119
2021.086 3.8828
2021.089 3.9301
2021.092 3.9185
2021.094 3.9533
2021.097 3.9637
2021.105 3.9830
2021.108 3.9826
2021.111 3.9755
2021.113 3.9915
2021.116 4.0083
2021.127 3.9999
2021.130 3.9859
2021.133 3.9724
2021.135 3.9591
2021.144 3.8785
2021.146 3.8695
2021.149 3.8933
2021.152 3.7831
2021.155 3.7980
2021.169 3.8816
2021.172 3.8324
2021.175 3.7417
2021.178 3.6910
2021.180 3.7348
2021.189 3.6454
2021.191 3.7568
2021.194 3.7482
2021.197 3.8153
2021.200 3.7901
2021.208 3.8216
2021.211 3.8378
2021.213 3.8504
2021.216 3.7541
2021.219 3.7668
2021.227 3.8187
2021.230 3.8056
2021.232 3.7537
2021.235 3.7483
2021.238 3.7915
2021.246 3.7910
2021.249 3.7767
2021.252 3.8206
2021.253 3.8702
2021.264 3.9285
2021.266 3.9261
2021.269 3.9335
2021.272 3.9642
2021.275 3.9822
2021.283 3.9783
2021.286 4.0120
2021.288 3.9762
2021.291 4.0194
2021.294 4.0237
2021.302 3.9960
2021.305 3.9739
2021.308 3.9988
2021.310 3.9618
2021.313 3.9988
2021.321 4.0184
2021.324 4.0051
2021.327 3.9948
2021.329 4.0048
2021.332 3.9858
2021.342 3.9693
2021.344 3.9152
2021.347 3.9035
2021.350 3.9251
2021.353 3.9493
2021.361 3.8712
2021.363 3.8662
2021.366 3.7870
2021.369 3.8079
2021.372 3.8709
2021.380 3.8539
2021.383 3.8327
2021.385 3.8363
2021.388 3.8925
2021.391 3.8759
2021.399 3.9247
2021.402 3.9296
2021.405 3.9396
2021.407 3.9279
2021.410 3.9376
2021.419 3.9278
2021.422 3.9330
2021.425 3.9011
2021.428 3.9511
2021.436 3.9599
2021.439 3.9610
2021.441 3.9621
2021.444 3.9923
2021.447 4.0002
2021.455 4.0278
2021.458 4.0091
2021.461 3.9984
2021.463 4.0350
2021.466 4.0109
2021.474 4.0290
2021.477 4.0566
2021.480 4.0583
2021.482 4.0765
2021.485 4.0734
2021.493 4.1082
2021.496 4.1194
2021.499 4.1150
2021.503 4.1155
2021.505 4.1488
2021.516 4.1622
2021.519 4.1685
2021.522 4.1510
2021.525 4.1678
2021.533 4.1803
2021.536 4.1798
2021.538 4.1852
2021.541 4.1643
2021.544 4.1394
2021.552 4.1151
2021.555 4.1476
2021.558 4.1701
2021.560 4.1909
2021.563 4.2236
2021.571 4.2278
2021.574 4.1946
2021.577 4.2054
2021.579 4.2103
2021.582 4.1952
2021.589 4.1949
2021.592 4.2122
2021.594 4.2172
2021.597 4.2358
2021.600 4.2227
2021.608 4.2280
2021.611 4.2129
2021.613 4.2075
2021.616 4.2179
2021.619 4.2279
2021.627 4.2296
2021.630 4.2030
2021.633 4.1735
2021.635 4.1876
2021.638 4.2180
2021.646 4.2616
2021.649 4.2714
2021.652 4.2726
2021.655 4.2555
2021.657 4.2843
2021.666 4.3169
2021.668 4.3141
2021.669 4.3196
2021.672 4.3182
2021.675 4.3271
2021.686 4.3312
2021.689 4.3209
2021.691 4.3101
2021.694 4.2874
2021.702 4.2851
2021.705 4.2765
2021.708 4.2984
2021.711 4.3003
2021.713 4.2644
2021.721 4.2009
2021.724 4.2022
2021.727 4.2310
2021.730 4.2584
2021.732 4.2612
2021.741 4.2368
2021.743 4.1497
2021.746 4.1431
2021.749 4.1317
2021.753 4.1498
2021.761 4.0863
2021.764 4.1241
2021.766 4.1436
2021.769 4.1703
2021.772 4.1548
2021.780 4.1324
2021.783 4.1221
2021.786 4.1453
2021.788 4.1990
2021.791 4.2174
2021.799 4.2469
2021.802 4.2686
2021.805 4.2655
2021.808 4.2832
2021.810 4.2576
2021.818 4.2872
2021.821 4.2965
2021.824 4.3043
2021.827 4.3366
2021.829 4.3513
2021.836 4.3611
2021.839 4.3744
2021.842 4.4056
2021.844 4.4422
2021.847 4.4459
2021.855 4.4418
2021.858 4.4210
2021.861 4.3762
2021.863 4.3843
2021.866 4.4155
2021.874 4.4152
2021.877 4.4357
2021.880 4.4369
2021.883 4.4670
2021.885 4.4838
2021.894 4.4485
2021.896 4.4348
2021.899 4.4440
2021.905 4.3873
2021.913 4.4475
2021.916 4.4036
2021.919 4.3509
2021.922 4.3696
2021.925 4.3180
2021.933 4.3411
2021.936 4.4275
2021.939 4.4413
2021.941 4.3972
2021.944 4.4277
2021.952 4.3837
2021.955 4.3535
2021.958 4.4176
2021.961 4.3382
2021.963 4.3228
2021.971 4.2924
2021.974 4.3572
2021.977 4.3922
2021.980 4.4157
2021.991 4.4624
2021.993 4.4506
2021.996 4.4490
2021.999 4.4396
2022.002 4.4208
2022.008 4.4493
2022.011 4.4096
2022.014 4.3131
2022.016 4.3104
2022.019 4.2772
2022.027 4.2808
2022.030 4.3239
2022.033 4.3352
2022.036 4.2599
2022.038 4.2749
2022.049 4.2001
2022.052 4.1646
2022.055 4.1252
2022.058 4.0372
2022.066 4.0516
2022.068 3.9750
2022.071 3.9731
2022.074 3.9427
2022.077 4.0319
2022.085 4.1244
2022.086 4.1433
2022.089 4.1667
2022.092 4.0385
2022.094 4.0724
2022.103 4.0495
2022.105 4.0829
2022.108 4.1431
2022.111 4.0745
2022.113 3.9756
2022.122 3.9784
2022.124 4.0483
2022.127 4.0481
2022.130 3.9553
2022.133 3.9208
2022.144 3.8894
2022.146 3.8098
2022.149 3.9032
2022.152 3.9495
2022.160 3.9601
2022.169 3.9128
2022.172 3.9595
2022.175 3.9168
2022.178 3.8731
2022.186 3.7547
2022.189 3.7408
2022.191 3.8425
2022.194 3.8098
2022.197 3.7457
2022.205 3.6854
2022.208 3.7739
2022.211 3.8803
2022.213 3.9132
2022.216 3.9735
2022.224 3.9663
2022.227 4.0237
2022.230 3.9806
2022.232 4.0434
2022.235 4.0418
2022.243 4.0863
2022.246 4.1363
2022.249 4.1058
2022.252 4.0635
2022.253 4.0592
2022.261 4.1198
2022.264 4.0514
2022.266 3.9834
2022.269 3.9899
2022.272 3.9482
2022.280 3.8745
2022.283 3.8616
2022.286 3.9198
2022.288 3.8501
2022.299 3.8529
2022.302 3.9152
2022.305 3.8691
2022.308 3.8087
2022.310 3.7259
2022.318 3.7624
2022.321 3.6431
2022.324 3.6386
2022.327 3.7391
2022.329 3.5981
2022.339 3.6441
2022.342 3.6465
2022.344 3.7410
2022.347 3.5796
2022.350 3.5441
2022.358 3.4184
2022.361 3.4522
2022.363 3.3590
2022.366 3.3510
2022.369 3.4541
2022.377 3.4226
2022.380 3.4953
2022.383 3.3375
2022.385 3.3171
2022.388 3.3084
2022.396 3.3565
2022.399 3.2921
2022.402 3.3315
2022.405 3.4118
2022.407 3.5053
2022.418 3.4980
2022.419 3.4744
2022.422 3.5525
2022.425 3.4701
2022.433 3.4825
2022.436 3.5065
2022.439 3.4858
2022.441 3.4009
2022.444 3.2880
2022.452 3.1390
2022.455 3.1454
2022.458 3.2149
2022.461 3.0847
2022.463 3.1210
2022.474 3.1938
2022.477 3.1901
2022.480 3.2320
2022.482 3.3315
2022.491 3.3076
2022.493 3.2121
2022.496 3.2141
2022.499 3.1781
2022.503 3.1942
2022.514 3.2445
2022.516 3.2635
2022.519 3.3236
2022.522 3.3283
2022.530 3.2623
2022.533 3.2328
2022.536 3.2264
2022.538 3.2367
2022.541 3.2880
2022.549 3.2646
2022.552 3.3485
2022.555 3.3975
2022.558 3.4391
2022.560 3.3854
2022.568 3.3704
2022.571 3.3080
2022.574 3.4256
2022.577 3.4538
2022.579 3.5074
2022.586 3.5059
2022.589 3.4965
2022.592 3.5735
2022.594 3.5877
2022.597 3.5636
2022.605 3.5533
2022.608 3.5184
2022.611 3.5973
2022.613 3.5821
2022.616 3.6371
2022.624 3.6607
2022.627 3.6543
2022.630 3.6190
2022.633 3.6257
2022.635 3.5653
2022.644 3.4834
2022.646 3.4800
2022.649 3.4877
2022.652 3.5389
2022.655 3.4092
2022.663 3.3779
2022.666 3.3439
2022.668 3.3254
2022.669 3.3265
2022.672 3.2839
2022.683 3.2608
2022.686 3.3182
2022.689 3.3343
2022.691 3.3958
2022.700 3.4317
2022.702 3.2519
2022.705 3.2741
2022.708 3.2225
2022.711 3.2027
2022.719 3.2264
2022.721 3.2023
2022.724 3.1459
2022.727 3.1082
2022.730 3.0592
2022.738 3.0455
2022.741 3.0464
2022.743 3.1032
2022.746 3.0150
2022.749 2.9611
2022.758 3.0282
2022.761 3.1171
2022.764 3.1171
2022.766 3.0915
2022.769 2.9704
2022.777 2.9386
2022.780 2.8981
2022.783 2.8959
2022.786 2.9606
2022.788 2.8662
2022.797 2.9601
2022.799 2.9847
2022.802 2.9725
2022.805 2.9554
2022.808 3.0238
2022.816 3.0573
2022.818 3.1157
2022.821 3.0474
2022.824 2.9907
2022.827 3.0773
2022.835 3.0421
2022.836 3.0106
2022.839 2.9014
2022.842 2.8420
2022.844 2.8876
2022.853 2.9189
2022.855 2.9402
2022.858 2.8679
2022.861 3.0657
2022.863 3.1210
2022.872 3.0942
2022.874 3.1338
2022.877 3.0924
2022.880 3.0847
2022.883 3.0837
2022.891 3.0531
2022.894 3.0942
2022.896 3.1237
2022.902 3.1028
2022.910 3.0578
2022.913 3.0335
2022.916 3.1596
2022.919 3.1651
2022.922 3.1532
2022.930 3.1014
2022.933 3.0359
2022.936 3.0238
2022.939 3.0587
2022.941 3.0393
2022.950 3.0750
2022.952 3.1059
2022.955 3.0819
2022.958 2.9776
2022.961 2.9476
2022.969 2.9053
2022.971 2.9009
2022.974 2.9434
2022.977 2.8645
2022.980 2.8673
2022.991 2.8238
2022.993 2.7825
2022.996 2.8507
2022.999 2.8507
2023.008 2.8279
2023.011 2.8432
2023.014 2.7948
2023.016 2.8702
2023.025 2.8909
2023.027 2.9172
2023.030 2.9658
2023.033 2.9811
2023.036 3.0007
2023.047 3.0062
2023.049 2.9684
2023.052 2.9365
2023.055 3.0150
2023.063 3.0787
2023.066 3.0727
2023.068 3.0653
2023.071 3.1215
2023.074 3.1497
2023.082 3.0879
2023.085 3.1316
2023.086 3.1942
2023.089 3.2925
2023.092 3.2395
2023.100 3.2137
2023.103 3.2737
2023.105 3.2185
2023.108 3.1913
2023.111 3.1705
2023.119 3.2169
2023.122 3.2383
2023.124 3.2604
2023.127 3.2015
2023.130 3.1797
2023.141 3.1068
2023.144 3.1077
2023.146 3.1324
2023.149 3.0805
2023.157 3.1019
2023.160 3.0969
2023.169 3.0722
2023.172 3.0960
2023.175 3.1553
2023.183 3.1596
2023.186 3.1215
2023.189 3.1351
2023.191 3.0810
2023.194 3.0388
2023.202 3.0601
2023.205 3.1259
2023.208 3.1403
2023.211 3.2165
2023.213 3.2015
2023.221 3.2121
2023.224 3.2535
2023.227 3.2060
2023.230 3.2410
2023.232 3.2511
2023.241 3.2304
2023.243 3.2137
2023.246 3.2669
2023.249 3.2936
2023.252 3.3414
2023.258 3.3343
2023.261 3.3243
2023.264 3.2918
2023.266 3.3116
2023.277 3.3094
2023.280 3.2899
2023.283 3.2631
2023.286 3.3189
2023.288 3.3131
2023.297 3.3142
2023.299 3.3149
2023.302 3.3127
2023.305 3.2891
2023.308 3.2910
2023.316 3.2850
2023.318 3.2268
2023.321 3.2434
2023.324 3.3211
2023.327 3.3411
2023.336 3.3383
2023.339 3.3113
2023.342 3.2914
2023.344 3.2802
2023.347 3.3397
2023.355 3.3478
2023.358 3.3283
2023.361 3.3600
2023.363 3.3683
2023.366 3.3579
2023.374 3.3731
2023.377 3.3769
2023.380 3.4121
2023.383 3.4645
2023.385 3.4576
2023.394 3.4679
2023.396 3.4285
2023.399 3.4121
2023.402 3.4819
2023.405 3.5548
2023.416 3.5687
2023.418 3.5482
2023.419 3.5838
2023.422 3.6060
2023.430 3.6082
2023.433 3.6071
2023.436 3.5548
2023.439 3.5885
2023.441 3.6006
2023.450 3.6504
2023.452 3.6725
2023.455 3.6936
2023.458 3.7281
2023.461 3.7087
2023.471 3.7038
2023.474 3.6597
2023.477 3.6924
2023.480 3.6623
2023.488 3.6219
2023.491 3.6702
2023.493 3.6763
2023.496 3.6694
2023.499 3.7136
2023.508 3.7204
2023.514 3.7197
2023.516 3.6959
2023.519 3.6856
2023.527 3.6864
2023.530 3.7006
2023.533 3.7370
2023.536 3.7856
2023.538 3.7846
2023.547 3.8120
2023.549 3.8356
2023.552 3.8356
2023.555 3.7628
2023.558 3.7540
2023.566 3.7579
2023.568 3.7778
2023.571 3.7675
2023.574 3.7589
2023.577 3.8115
2023.585 3.8135
2023.586 3.8058
2023.589 3.7381
2023.592 3.7310
2023.594 3.7170
2023.603 3.7415
2023.605 3.7155
2023.608 3.6816
2023.611 3.6861
2023.613 3.6659
2023.622 3.6986
2023.624 3.6674
2023.627 3.6336
2023.630 3.5992
2023.633 3.5946
2023.641 3.6418
2023.644 3.6373
2023.646 3.6834
2023.649 3.6152
2023.652 3.6386
2023.660 3.6607
2023.663 3.7226
2023.666 3.7391
2023.668 3.7481
2023.669 3.7446
2023.680 3.7471
2023.683 3.7204
2023.686 3.6983
2023.689 3.7013
2023.697 3.7348
2023.700 3.7023
2023.702 3.7121
2023.705 3.7353
2023.708 3.6826
2023.716 3.6849
2023.719 3.6788
2023.721 3.6310
2023.724 3.5723
2023.727 3.5730
2023.735 3.5863
2023.738 3.5407
2023.741 3.5467
2023.743 3.5707
2023.746 3.5729
2023.755 3.5965
2023.758 3.5421
2023.761 3.5819
2023.764 3.5712
2023.766 3.6203
2023.775 3.6350
2023.777 3.6512
2023.780 3.6722
2023.783 3.6605
2023.786 3.6219
2023.794 3.6551
2023.797 3.6454
2023.799 3.6022
2023.802 3.5752
2023.805 3.5290
2023.813 3.5378
2023.816 3.5656
2023.818 3.4895
2023.821 3.4295
2023.824 3.4436
2023.832 3.4754
2023.835 3.4898
2023.836 3.5401
2023.839 3.5918
2023.842 3.6265
2023.850 3.6378
2023.853 3.6656
2023.855 3.6674
2023.858 3.6434
2023.861 3.7079
2023.869 3.6988
2023.872 3.7598
2023.874 3.7626
2023.877 3.7642
2023.880 3.7649
2023.888 3.8000
2023.891 3.7817
2023.894 3.7932
2023.899 3.7883
2023.907 3.7853
2023.910 3.7932
2023.913 3.7896
2023.916 3.7812
2023.919 3.7896
2023.928 3.7607
2023.930 3.7679
2023.933 3.7500
2023.936 3.7910
2023.939 3.8029
2023.947 3.8280
2023.950 3.8518
2023.952 3.8865
2023.955 3.8849
2023.958 3.8967
2023.966 3.9174
2023.969 3.9322
2023.971 3.8824
2023.974 3.9149
2023.977 3.9190
2023.988 3.9371
2023.991 3.9424
2023.993 3.9398
2023.996 3.9259
2024.005 3.8739
2024.008 3.8414
2024.011 3.8245
2024.014 3.8282
2024.022 3.8867
2024.025 3.8932
2024.027 3.9128
2024.030 3.9176
2024.033 3.9188
2024.044 3.9182
2024.047 3.9008
2024.049 3.9427
2024.052 3.9989
2024.060 4.0030
2024.063 4.0148
2024.066 4.0310
2024.068 4.0339
2024.071 4.0153
2024.079 4.0443
2024.082 4.0241
2024.085 3.9635
2024.086 3.9982
2024.089 4.0473
2024.097 4.0422
2024.100 4.0364
2024.103 4.0658
2024.105 4.0699
2024.108 4.0988
2024.116 4.0870
2024.119 4.0385
2024.122 4.0697
2024.124 4.0780
2024.127 4.0502
2024.138 4.0268
2024.141 4.0142
2024.144 4.0972
2024.146 4.0880
2024.155 4.0866
2024.157 4.0928
2024.160 4.0765
2024.163 4.1003
2024.169 4.1452
2024.178 4.1332
2024.180 4.0782
2024.183 4.0965
2024.186 4.1401
2024.189 4.0953
2024.197 4.0836
2024.200 4.1252
2024.202 4.1017
2024.205 4.0935
2024.208 4.0563
2024.216 4.0841
2024.219 4.0910
2024.221 4.1223
2024.224 4.1352
2024.227 4.1372
2024.235 4.1270
2024.238 4.1176
2024.241 4.1263
2024.243 4.1200
2024.253 4.1262
2024.255 4.0990
2024.258 4.1056
2024.261 4.0573
2024.264 4.0920
2024.272 4.0927
2024.275 4.1030
2024.277 4.0764
2024.280 4.1223
2024.283 4.0728
2024.291 4.0212
2024.294 4.0214
2024.297 3.9836
2024.299 3.9656
2024.302 3.9012
2024.310 3.9303
2024.313 3.9739
2024.316 3.9836
2024.318 3.9675
2024.321 4.0124
2024.329 4.0243
2024.332 3.9653
2024.336 3.9435
2024.339 3.9799
2024.342 4.0378
2024.350 4.0701
2024.353 4.0701
2024.355 4.0682
2024.358 4.0736
2024.361 4.0804
2024.369 4.0870
2024.372 4.1054
2024.374 4.1506
2024.377 4.1444
2024.380 4.1422
2024.388 4.1626
2024.391 4.1677
2024.394 4.1671
2024.396 4.1521
2024.399 4.1798
2024.410 4.1906
2024.413 4.1695
2024.416 4.1368
2024.418 4.1356
2024.425 4.1454
2024.428 4.1528
2024.430 4.2114
2024.433 4.2102
2024.436 4.2065
2024.444 4.2170
2024.447 4.2374
2024.450 4.2761
2024.452 4.2920
2024.455 4.3064
2024.463 4.3420
2024.466 4.3425
2024.471 4.3187
2024.474 4.3095
2024.482 4.2750
2024.485 4.3078
2024.488 4.3103
2024.491 4.3175
2024.493 4.3016
2024.503 4.3179
2024.505 4.3481
2024.508 4.3724
2024.514 4.4022
2024.522 4.4088
2024.525 4.4110
2024.527 4.4418
2024.530 4.3739
2024.533 4.3900
2024.541 4.3974
2024.544 4.3981
2024.547 4.3061
2024.549 4.2910
2024.552 4.2635
2024.560 4.3062
2024.563 4.2954
2024.566 4.1813
2024.568 4.1474
2024.571 4.1756
2024.579 4.1814
2024.582 4.1398
2024.585 4.2236
2024.586 4.1488
2024.589 4.0731
2024.597 3.9819
2024.600 4.0066
2024.603 3.9739
2024.605 4.0615
2024.608 4.0750
2024.616 4.0818
2024.619 4.1520
2024.622 4.1537
2024.624 4.2262
2024.627 4.2289
2024.635 4.2669
2024.638 4.2607
2024.641 4.2743
2024.644 4.2251
2024.646 4.2560
2024.655 4.2262
2024.657 4.2347
2024.660 4.2002
2024.663 4.1949
2024.666 4.2284
2024.675 4.1328
2024.678 4.1242
2024.680 4.1275
2024.683 4.0429
2024.691 4.0794
2024.694 4.1059
2024.697 4.1677
2024.700 4.1969
2024.702 4.2099
2024.711 4.1964
2024.713 4.1971
2024.716 4.1839
2024.719 4.2567
2024.721 4.2504
2024.730 4.2577
2024.732 4.2718
2024.735 4.2721
